A=[3 7 5;6 0 4];
B=[4 3 0;2 5 8];
B=[B;1 2 3];